597 793141
1601 5
1047 5
1322 1
1447 9
250 2
182 5
367 4
482 6
328 2
1607 7
1193 9
679 1
1440 6
1043 8
1115 6
593 3
991 9
1180 10
1131 8
1032 10
984 8
701 8
671 5
1047 10
336 5
1467 7
1591 4
835 4
365 4
871 10
1576 5
1050 2
852 1
1521 3
1389 2
232 9
307 6
768 2
1050 3
459 2
669 10
1004 8
59 2
193 10
176 1
1445 2
1532 7
1592 5
938 7
361 10
1033 4
106 10
533 1
803 9
1654 2
1125 2
1154 5
302 4
232 9
1125 5
1658 10
467 9
1242 10
333 9
1400 1
1373 6
1075 9
570 1
1618 5
907 8
573 5
355 2
219 1
334 8
1513 4
1240 4
1359 6
717 2
858 6
812 3
1500 7
961 1
463 5
180 5
565 4
1672 2
615 3
1569 3
141 10
732 3
1274 5
513 2
46 9
1230 6
165 7
1352 3
1092 10
1264 4
825 6
1258 1
2 9
53 10
1130 8
178 7
493 3
1357 7
978 6
518 7
907 9
726 1
594 4
1073 1
363 8
1563 5
1673 5
1406 1
754 7
960 10
1411 4
460 4
1012 9
124 4
1321 7
1112 7
906 9
641 5
1042 2
944 4
1589 1
254 8
1489 2
1498 7
72 10
292 10
1026 8
1415 3
141 10
853 5
706 6
1136 3
706 4
1484 4
479 6
1099 1
750 6
1464 3
1424 7
1221 3
729 9
739 7
936 3
175 7
1559 6
754 9
1189 1
419 3
994 10
245 7
1213 2
554 4
1655 4
890 2
10 6
928 1
985 5
656 3
569 3
297 4
1206 5
795 4
1620 7
429 5
956 3
124 5
1456 2
878 9
917 1
13 7
513 1
1458 3
1391 8
45 1
207 4
618 1
734 8
532 4
1242 8
1675 9
424 6
1648 2
706 5
407 7
1669 7
501 1
1263 4
394 6
488 2
155 4
1589 1
281 6
845 6
1284 4
475 2
317 3
1116 6
1651 6
182 1
1168 1
1401 3
1622 8
959 6
1436 4
704 1
675 8
599 5
1506 5
753 10
1133 1
240 4
1145 9
518 5
326 2
397 5
525 5
540 2
1320 1
1466 6
1374 7
657 8
691 5
607 4
723 8
1291 4
1468 9
1528 7
393 4
1365 1
8 1
1391 3
482 9
1238 6
14 8
1523 6
1172 10
832 4
1055 10
855 8
814 1
595 4
158 4
565 5
1037 10
585 7
662 1
594 3
853 8
845 6
1448 7
728 8
1091 8
1396 1
455 6
79 4
984 10
4 1
1179 5
1541 1
970 6
289 4
801 3
1673 7
415 4
1672 2
1034 8
1322 1
1613 3
581 2
886 3
1236 7
43 2
495 1
1018 3
14 9
1176 3
185 2
650 7
527 1
86 4
1418 2
562 7
223 7
1136 1
1220 4
968 1
1072 3
685 7
687 5
1346 4
724 9
933 3
1064 1
639 1
1313 9
1474 7
338 5
220 4
1165 9
1177 7
1031 1
925 3
618 1
741 2
1527 10
1644 10
206 1
1265 6
330 4
582 7
1529 4
401 1
1592 10
1625 4
349 6
349 6
1504 7
1141 5
1155 9
1568 7
1666 4
878 6
807 7
1411 2
193 6
568 9
1193 2
1185 8
365 5
225 9
1352 10
641 8
702 6
222 9
26 3
1369 6
296 5
340 5
924 5
1371 8
1224 1
913 7
1478 6
1236 3
1385 4
1252 10
1353 3
460 7
860 1
395 1
756 8
1153 6
1176 6
234 3
743 6
1494 7
1253 7
947 10
1669 3
148 5
229 9
95 9
363 4
810 8
864 7
310 7
181 5
466 6
881 5
962 8
662 8
754 6
855 3
1156 8
122 9
1288 8
1241 6
513 6
349 6
1003 4
1291 4
664 7
91 8
1220 9
467 6
318 9
1435 5
74 1
11 10
331 3
1602 2
1460 2
35 7
999 9
70 9
24 7
1476 1
1559 4
875 3
110 7
1423 5
1317 5
690 8
295 8
641 8
558 10
462 10
1403 2
556 7
927 10
755 5
1220 10
553 10
1614 3
1108 9
49 8
1070 8
1236 2
422 6
976 6
569 7
291 2
1004 6
724 9
902 6
1305 5
1159 3
289 3
1195 1
584 10
1449 1
795 6
739 7
993 5
1629 9
1390 7
953 2
1495 1
944 7
90 1
1536 10
1529 3
393 2
1196 4
1410 2
832 3
339 1
815 6
494 1
750 8
660 6
1054 4
995 4
1601 6
189 3
1365 2
210 10
12 10
670 4
270 2
1529 7
1495 1
57 1
663 3
1088 2
516 1
799 5
568 2
1192 1
1155 9
128 9
1653 7
1290 1
588 3
848 1
1439 6
531 8
794 8
931 2
1172 9
1309 1
218 1
841 10
273 3
1088 3
747 6
1429 6
106 1
951 9
1638 8
24 2
1169 8
247 6
420 1
1204 9
1315 7
925 9
1666 9
1144 3
1490 9
968 1
760 10
481 8
665 6
1454 10
1031 5
1490 3
1632 4
1643 5
964 7
108 6
695 7
478 2
1064 3
447 2
1590 6
811 6
209 6
81 1
719 2
464 9
1457 4
447 4
169 3
1321 6
1444 2
1370 7
1672 1
742 2
486 3
749 5
1289 3
973 8
1465 7
202 8
1564 6
1655 1
113 7
81 3
1464 4
452 5
1200 10
209 10
1131 5
327 4
493 10
1062 9
1323 3
993 3
847 8
1060 3
826 10
209 4
114 10
1057 10
872 9
159 6
165 6
993 1
331 5
1303 7
1343 3
67 2
549 7
1312 4
718 2
618 4
582 3
420 7
823 4
735 5
1223 2
712 5
480 2
1198 8
1574 9
1287 1
1498 10
1445 6
1069 7
786 5
1079 2
874 9
1316 10
75 10
1457 9
426 9
508 3
1563 8
